520 4
523 5
536 7 11
538 1 18
539 6 1 4
540 1 18
541 13 13
542 12 1
543 19 1 8 2 1 1
544 40 23
545 1 6 1 1 9
546 6 3 15 7 2
547 12 13 11 1 2 2
548 1 6 2
549 1 19 1 12 1
550 1 2 3 20
551 19 17 4 17 5 14 1 11
552 2 22 24 1 1 19 19 8 6 5 10
553 1 14 2 13 26 1 2 13
554 1 1 1 1 2 21 19 23 10 36
555 42 1 23 1 19 15 7 1 1 2 11 15 22 1 1
556 1 16 19 2 21 1 4 13 7 22 11 25 1 3 1
557 1 1 5 1 3 1 16 1 15 10 18 6 12 27
558 12 1 10 1 1 1 3 1 11 1 1 1
559 12 17 21 18 27 12 5 6 25 1 5 9 1
560 1 10 14 13 1 1 1 1 1 12 17 1 9 1 5 21 8 1
561 3 1 1 4 1 1 1 1 12 6 4 1 7 1 16 11 3 15 8 16 5 14 10 1 16
562 3 24 20 10 9 22 1 13 1 1 8 6 1 13 34 6 5 19 8 4 3 2 14
563 3 1 1 1 6 18 1 2 8 22 6 9 5 16 10 2 1 19 11 12 1 1 19 48 10 1
564 1 1 2 21 1 2 15 4 1 13 6 23 2 34 23 1 35 6 12 9 5 26 1 2 12 1 18 1 1
565 1 1 35 5 7 11 1 7 2 14 1 6 8 39 1 14 14 1 25 1 22 4 33 3 1 6 2 1 9 13 1
566 17 14 2 25 18 3 1 4 18 9 9 1 20 1 14 21 9 2 24 1 25 27 1 6 27 10 1 10 21 19 1 2
567 2 16 25 15 1 1 1 11 31 20 13 1 6 10 8 4 1 1 12 9 15 1 12 24 5 14 1
568 1 1 6 16 19 10 1 10 1 28 1 1 26 14 18 1 2 18 1 19 26 11 1 30 1 1 1 19 21 20 1 11 1 23
569 1 10 11 10 17 6 20 19 10 1 15 6 4 24 13 22 6 16 15 1 13 1 46 1 20 12 2 3 18 40 1 10 2 1 22 21 2 22
570 26 1 8 1 12 13 1 1 1 1 11 1 1 2 8 4 1 3 8 19 1 3 1 39 1 2 1 1 28 9 11 12 1 3 22
571 1 1 1 10 13 1 5 3 15 20 28 15 42 11 8 10 3 19 34 27 3 14 14 70 12 6 18 41 20 14 1 1 13 14 17 25 40 32
572 1 20 3 3 8 19 13 40 12 2 1 18 4 1 2 2 1 1 1 1 14 1 29 24 2 4 16 1 17 1 22 13 11 3 8 15 2 6 1
573 1 2 13 17 1 1 1 6 22 37 1 2 5 5 2 14 2 46 13 16 21 6 3 23 1 3 14 25 3 8 7 2 1 2 23 22 2 25 34 6
574 6 35 1 9 48 2 35 34 3 9 1 6 13 2 21 10 2 23 7 8 18 19 20 1 13 15 16 2 5 18 14 12 11 1 5 22 13 1 8 20 2 29 16
575 32 3 14 1 20 13 1 6 6 57 1 47 2 35 15 21 14 1 10 29 22 3 13 1 1 21 8 7 1 1 4 1 1 14 1 2 11 12 17 3 1 1 19 8 11 22 64 6 7
576 31 28 27 1 15 17 38 2 27 33 49 1 15 23 21 1 20 2 8 13 10 25 17 22 18 25 2 18 10 5 1 2 11 22 21 8 11 4 1 34 12 10 28 21 5 20 9
577 16 11 1 1 1 38 2 36 4 2 1 23 6 10 18 1 1 16 2 1 18 2 17 8 2 6 20 3 11 7 1 47 8 10 11 9 10 51 21 2 25 8 20 5 12 16 4 22 5 13 17 1 7 1 15 1
578 1 4 23 11 1 4 1 14 26 1 21 22 2 10 2 12 28 1 2 2 12 10 5 10 12 1 6 17 2 21 1 2 1 11 10 26 10 17 8 31 19 17 10 1 26 62 17 12 11 25 15 5 18 23 21 12
579 1 21 11 15 11 19 16 42 27 25 19 24 18 19 14 2 1 1 29 11 20 1 2 37 17 1 1 22 1 1 9 1 1 23 5 11 34 10 1 17 14 1 15 5 23 14 68 10 20 1 20 16 22 12 2 2 1
580 18 4 17 1 6 21 18 1 29 5 42 5 28 13 34 20 9 17 9 17 10 1 31 11 1 1 25 7 21 48 13 12 1 1 7 81 12 1 13 22 11 2 5 1 5 1 4 16 15 28 1 1 24 28 16
581 4 28 7 21 1 1 9 1 45 9 15 6 17 16 33 9 49 18 1 33 40 2 10 7 2 9 2 30 22 39 14 15 16 8 1 10 15 22 1 14 4 40 12 1 16 19 10 16 7 29 6 23 15 1 23 22 22 14 16 2 18
582 12 1 10 27 13 14 3 12 13 2 4 45 1 14 19 49 20 6 21 14 2 8 20 10 37 35 23 1 8 25 18 18 12 10 2 1 4 12 1 32 34 11 2 1 7 1 21 10 17 19 44 13 16 2
583 1 19 9 13 1 19 24 26 1 10 8 10 1 12 1 39 4 4 14 17 1 14 17 22 1 19 47 1 1 1 25 5 13 3 19 2 29 1 14 21 17 16 60 1 23 11 13 6 25 19 6 3 3 11
584 2 24 25 13 10 45 40 11 32 1 25 1 2 11 8 22 12 1 27 14 24 19 79 18 23 34 30 26 31 42 27 22 12 21 15 2 5 36 5 23 8 1 1 12 30 30 19 1 11 1 1 1 28 6 10 1 18 34 12
585 12 2 23 23 3 7 22 1 4 11 2 71 22 27 10 29 5 31 39 7 27 1 15 2 18 1 21 1 28 20 10 24 4 34 1 2 8 10 24 2 30 15 8 12 45 4 8 21 15 17 7 2 3 3 2 28 45 3 13 17 24 1
586 14 9 35 13 30 11 25 13 1 5 22 11 11 1 19 8 9 14 8 15 15 4 13 7 2 1 1 1 1 39 15 13 31 2 5 38 12 17 1 1 1 10 15 22 6 23 7 30 37 32 2 1 23 12 25 10 10 22 2
587 1 13 21 5 1 21 25 1 26 6 13 7 1 25 24 5 19 3 2 2 9 20 6 21 3 43 27 6 19 15 10 30 22 18 1 16 18 2 15 32 14 1 21 2 22 41 12 2 18 14 19 34 25 3 12 51 19 9 1 10 1 22 29
588 1 1 3 14 38 21 6 14 3 1 1 12 3 1 5 16 3 57 47 1 61 14 51 1 16 21 5 4 57 26 17 15 11 13 37 2 3 16 59 23 27 50 1 20 9 71 34 2 1 9 2 1 12 29 1 18 13 9
589 32 1 10 20 19 28 26 31 4 19 23 2 17 18 33 16 9 1 16 23 2 9 14 29 3 25 1 37 11 30 54 38 7 54 20 25 24 8 1 4 7 10 23 1 20 30 9 7 9 60 21 15 20 16 1 3 13 19 21 11 34
590 30 1 3 23 14 27 2 8 11 29 45 28 8 7 25 15 21 36 14 15 26 12 53 3 3 11 7 34 18 7 3 30 9 12 6 20 28 49 5 12 12 1 31 2 18 25 16 17 13 16 7 16 4 16 19 7 5 24 1 1 27
591 4 9 20 24 1 12 8 23 1 20 12 35 7 14 3 50 1 12 52 20 4 26 8 4 12 17 2 1 32 2 1 11 13 13 13 33 28 46 18 10 15 2 17 7 16 2 2 2 8 36 18 17 13 1 2 20 8 4 1 40 35
592 4 15 24 7 27 32 14 16 13 32 1 4 2 17 8 12 1 15 29 46 17 13 17 35 12 25 1 34 2 25 30 9 30 14 3 2 4 14 8 30 11 52 19 17 14 1 1 54 17 2 33 1 19 10 2 27 10 33 15 9 26 13 30 1 20 1 14 1 7 25
593 26 12 16 17 1 5 36 5 38 6 1 19 2 1 26 13 8 23 2 2 7 5 20 2 56 16 20 12 12 28 5 7 13 24 35 53 21 5 10 30 16 12 19 21 27 21 11 80 3 32 43 27 11 34 27 14 44 7 22 27 30 1 5 38 17
594 1 1 11 2 20 18 31 29 35 24 7 27 2 37 36 33 22 14 2 8 1 48 3 7 28 9 20 6 27 11 7 3 47 2 59 41 37 7 44 25 1 43 1 32 24 2 11 13 13 1 1 51 1 19 7 15 14 17 3 14 25 24
595 12 22 26 6 1 18 52 11 44 24 21 1 12 21 5 28 3 36 10 1 2 18 1 41 2 35 6 22 1 33 20 11 3 33 30 46 19 16 1 16 8 23 25 10 23 1 31 27 12 31 2 48 23 2 6 24 46 15 11 7 15 17
596 1 6 49 11 2 30 27 31 42 1 22 8 3 22 14 29 9 2 12 39 36 1 21 50 1 15 16 22 34 9 22 6 31 12 23 13 10 28 5 2 23 8 36 20 8 21 24 18 17 1 9 39 2 29 4 1 40 4 17 47 1 1 1 21
597 1 8 25 1 42 1 20 68 11 18 63 21 22 2 15 12 17 17 13 53 4 12 33 18 55 23 14 3 10 36 11 15 22 12 22 1 31 8 1 9 21 2 13 8 21 1 31 9 5 5 36 24 1 23 8 5 1 23 22 25 12 53 13 40 5 2 2 23 33 8 1
598 1 24 33 64 45 1 13 14 19 32 11 53 15 56 25 1 10 22 41 16 1 24 15 14 34 1 24 16 12 2 1 24 39 16 29 27 9 1 20 33 36 2 24 12 4 34 30 49 38 7 12 26 27 20 48 10 13 7 31 18 6 13 2 5 23
599 7 21 25 28 44 16 1 1 1 28 11 21 23 1 9 17 4 1 12 1 1 3 9 16 20 20 25 1 42 8 20 15 16 3 18 29 8 17 18 17 4 29 7 15 43 9 27 15 23 1 34 8 57 7 5 21 10 28 1 1 4 23 1 12 13 26
600 26 24 21 15 9 54 41 25 13 16 16 14 25 17 7 10 38 54 8 16 26 1 8 7 31 21 32 49 16 50 2 8 42 21 23 18 31 22 20 12 22 18 2 2 16 1 18 3 13 1 23 11 19 23 4 20 2 19 27 25 49 20 5 19
601 1 23 31 43 18 48 4 27 29 18 34 7 15 1 22 12 10 3 13 8 1 8 24 2 17 2 11 34 81 17 25 8 13 15 17 19 44 15 29 29 16 17 27 23 22 15 27 58 15 17 13 12 24 8 1 44 1 1 2 2 12 1
602 1 15 9 28 2 39 5 8 23 1 19 15 2 3 21 24 26 45 23 3 15 15 2 63 35 23 11 39 19 16 10 32 14 40 4 20 2 1 12 13 6 29 45 4 14 31 15 44 33 10 47 28 26 11 22 6 31 19 22 9 14 33 2 9
603 10 31 65 6 1 23 12 14 15 22 13 79 24 1 4 2 8 19 21 26 6 11 2 5 11 18 4 3 31 1 116 25 15 27 9 15 26 1 20 11 25 75 26 1 38 13 28 8 1 14 18 9 12 37 8 13 22 13 26 21 11 8 26 5 28 18 10 43 78
604 19 45 1 26 22 24 27 11 18 27 5 15 12 32 19 24 17 3 67 7 3 16 43 3 13 10 41 19 14 3 22 27 22 5 59 8 12 12 35 30 4 39 41 2 12 9 4 16 24 32 1 13 1 21 19 27 1 9 1 26 56 13 9 2 45 24 6
605 1 1 25 14 57 5 15 13 18 32 16 5 35 24 10 29 24 3 23 4 16 16 11 24 1 9 36 12 7 3 27 34 23 1 3 12 42 26 12 2 36 42 2 12 2 39 1 1 8 10 3 48 32 12 5 16 4 14 46 26 1 31 5
606 1 3 5 11 2 36 2 24 2 8 28 3 46 15 15 1 5 33 21 12 39 41 16 8 28 11 19 13 2 1 2 2 12 3 2 9 1 43 6 12 27 32 16 16 15 2 1 9 1 1 17 3 1 39 45 21 1 30 19 9
607 19 18 25 30 21 3 36 14 10 14 72 32 20 27 49 40 8 20 2 6 1 7 8 1 2 17 4 22 1 37 15 18 34 27 54 6 1 15 1 35 16 35 12 8 5 13 35 20 16 27 19 9 4 14 1 14 48 17
608 14 45 2 3 2 29 9 2 9 20 17 44 20 25 22 41 63 1 43 17 1 33 15 3 14 8 18 61 16 34 14 19 12 19 9 9 1 11 17 10 1 19 15 51 30 16 20 43 14 1 27 18 40 12 20 16 36 20 6
609 7 14 19 1 18 52 13 13 1 4 18 4 9 1 16 56 2 23 12 19 43 33 35 2 5 3 5 13 1 1 1 40 18 32 8 1 1 27 13 10 25 33 45 22 31 1 5 47 3 4 4 18 19 7 31 8 47 1 10 12 10 16 3 14 1 11
610 32 63 2 17 1 9 12 35 6 16 32 15 14 10 4 1 5 10 5 3 14 53 15 43 6 1 10 14 1 2 5 51 9 1 3 21 26 1 29 10 10 42 53 21 37 15 1 12 54 5 1 13 61 6 1 25 4 12 1 27 24 16 13 16
611 3 14 68 1 13 1 1 12 26 1 10 6 1 8 34 17 34 19 1 31 16 1 1 10 5 32 14 37 10 24 1 24 23 2 7 8 1 17 31 16 17 40 8 2 3 27 1 43 4 27 22 5 1 10 41 13 15 1 3 25 1 7 13 3 11 23 19
612 14 3 11 5 15 24 22 8 5 2 1 9 33 11 1 18 42 7 15 35 22 3 1 33 10 10 37 1 1 28 12 40 7 5 22 45 2 2 44 10 28 1 12 1 27 6 29 45 10 19 12 2 21 11 3 12 41 1 1 1 2 1 16 8 18
613 1 1 27 22 3 15 1 17 7 10 33 7 19 1 7 15 58 10 1 9 8 20 2 29 15 17 1 12 43 2 2 23 19 5 7 24 2 23 7 3 28 8 1 13 18 4 1 24 13 14 22 1 59 39 31 28 76 9
614 3 33 18 15 11 11 4 10 2 11 17 2 41 1 29 10 56 8 19 4 25 28 1 7 19 1 8 4 4 19 30 10 20 2 1 67 26 15 21 18 1 22 10 14 16 15 18 13 24 1 42 10 1 18 44 16 9 8
615 12 9 10 12 43 43 1 13 52 2 63 13 3 15 2 26 28 11 47 16 5 78 50 5 1 4 23 9 14 1 15 53 31 4 1 6 1 32 25 15 43 33 1 11 10 1 29 14 28 12 16 9 3 15 2 2 6 28 24
616 8 1 23 1 15 1 10 18 1 5 28 17 1 11 9 7 1 22 1 16 36 17 3 2 1 7 19 25 41 20 33 30 13 16 20 22 14 25 12 13 11 1 17 18 45 19 54 1 3 18 32 4 2 36 1 18
617 30 1 16 2 1 26 30 1 12 33 24 12 2 47 4 14 9 14 21 1 3 2 32 25 15 9 6 2 4 19 12 24 1 6 10 1 25 6 19 1 18 3 12 3 22 1 6 1 23 23 6 32 2 1 23 33 25 15 28 1 33
618 14 26 13 35 38 20 8 2 1 13 14 1 1 22 12 15 1 6 1 13 31 2 2 39 23 21 1 26 1 38 9 12 48 13 18 1 27 8 17 1 24 39 28 40 6 23 20 27 8 37 13 13 17 34
619 1 16 7 3 23 15 46 16 20 18 12 19 1 7 32 8 39 9 5 14 24 34 22 11 10 34 1 4 1 2 1 20 1 3 37 21 9 30 1 25 18 42 32 4 6 1 5 1 17 21 18 9 32 11 9 15 5 2
620 1 2 16 20 19 18 3 1 7 2 33 5 16 22 3 1 11 1 28 18 9 24 25 14 16 7 13 1 8 12 27 5 21 1 12 13 16 27 21 20 8 20 6 33 50 25 5 6 15 24 1 2 1 30 2
621 1 11 16 2 18 12 11 20 9 46 7 4 5 23 13 12 1 2 1 1 9 30 1 1 41 1 23 2 21 27 14 15 15 1 11 11 2 1 23 12 27 11 5 17 24 12 19 6 2 24
622 1 12 15 4 17 1 22 1 2 13 25 15 1 36 32 21 35 2 9 5 13 28 19 9 1 16 16 12 22 9 2 4 2 1 25 38 7 2 14 31 17 52 18 1 13 14 24 11 9 5 17 7 6 23
623 1 40 27 42 2 1 3 7 13 14 10 3 18 6 20 15 15 7 1 1 2 7 8 1 6 3 2 42 2 15 17 13 15 25 17 1 30 19 2 21 1 24 33 2 17 13 26 3 19 12 1 1 22 6 13 1 7
624 16 14 14 8 17 5 16 21 18 17 17 1 10 21 11 2 17 1 30 2 7 29 6 10 9 5 24 13 13 18 1 17 7 15 4 46 2 1 9 10 2 4 9 16 49
625 2 1 1 1 26 1 3 7 6 8 2 1 12 48 3 1 14 6 1 18 1 17 44 10 1 36 12 17 1 1 31 34 35 5 1 16 62 1 2 1 1 3 22 23
626 40 1 9 3 1 20 10 14 1 7 5 11 22 34 30 12 7 4 6 39 7 31 19 27 11 20 6 1 25 1 1 27 5 3 21 15 2 2 1 2 1 24 18 1 12 10 18
627 1 1 8 1 17 9 8 4 46 22 2 23 29 14 22 5 31 10 21 4 6 2 21 1 1 36 26 8 15 3 9 4 7 1 33 1 22 1 13 15 11 1 27 15 1 11 6
628 22 9 2 10 3 11 2 2 13 2 1 1 12 1 6 17 15 2 7 6 13 1 5 8 1 5 16 24 10 22 24 28 9 1 1 2 1 8
629 1 1 14 1 14 10 8 5 16 18 10 1 12 15 12 5 5 1 9 1 12 11 18 29 1 11 4 5 1 2 2 11 24 1 3
630 38 1 1 11 3 9 7 20 22 14 1 9 4 12 15 6 1 1 7 1 1 22 6 5 6 8 39 2 4 9 18 23
631 14 10 26 14 20 11 19 1 26 25 1 8 4 22 16 34 13 1 2 6 15 30 28 1 20 5 26
632 11 9 3 8 1 12 19 25 5 20 4 1 11 33 15 2 21 13 15 12 10 2 11 1 1 1 1 9
633 1 2 6 1 4 9 9 25 2 9 8 1 1 19 12 6 18 35 1 3 16 2 21
634 6 1 8 23 13 1 1 1 7 12 24 19 1 1 1 2 1 17 11 23 9 2
635 1 3 3 24 15 22 15 1 1 1 1 20 15 21 12 16 9 1
636 1 1 8 5 11 8 2 16 1 5 17 1 23 8 1 10 25 13 4 8 2 1 1 6
637 3 14 25 21 1 31 11 17 1 11 15 2 1 8 1 2 14 15 14 11 1 1 19
638 39 1 17 1 14 1 1 7 1 1 21 21 23 1 1 7 8
639 1 19 1 18 12 1 9 1 11 1 26 1 5 18 1 23 6 1 17 6
640 10 1 1 9 19 11 4 5 1 2 4 1 23 11 10 23 2
641 12 1 1 18 1 29 21 6 21 1 1 1
642 2 6 12 18 1 31 4 1 21 1 12
643 1 1 1 11 31 6 13 16 6 10 5 1 5 3 10 1
644 4 13 1 1 5 1 13 17 11 1 7
645 21 5 1 4 20 11 11 12 12 10
646 1 10 3 1 4 4 20
647 16 15 1 5 1 7 1 5 1
648 1 16 1 3 1 10
649 2 10 1 15 2 23
650 1 8 1 22 1 19 1 1 1
651 2 16 1 3 13 3 8
652 1 1 20 12 4
653 25 9 2 6 1
654 1 16
655 16 14 3
657 1
658 1
659 14
661 8
662 17
663 1
666 20
667 15
668 3
669 1
671 19
672 1
